kp: 0.3
ki: 0.000000
kd: 0.000001
