kp: 0.3
ki: 0.000001
kd: 0.000001
